#####################################################################
# Alchemist log file - simulation started at: 2023-05-15T01:12+0000 #
#####################################################################
#
# device_count = 316.2277660168379, battery_discharge_time = 24, low_battery_threshold = 30, high_battery_threshold = 70, epi_ratio = 3, cloud_epi = 300, seed = 0.0
#
# The columns have the following meaning: 
# time behaviourInDevice[sum] behaviourInCloud[sum] batteryPercentage[mean] batteryConsumption[sum] cloudConsumption[sum] totalConsumption[sum] isCharging[sum] isMoving[sum] distance[sum] distance[mean] cloudCost instances 
0.0000 316.0 0.0 100.00 0.0000 0.0000 0.0000 0.0 316.0 0.0000 0.0000 0.0000 0.0000
0.0000 316.0 0.0 100.00 0.0000 0.0000 0.0000 0.0 316.0 0.0000 0.0000 0.0000 0.0000
120.00 251.0 65.0 57.327 286.97 150.82 437.12 0.0 316.0 52.645 0.16660 0.20000 1.0000
240.00 250.0 66.0 57.123 286.37 153.14 439.13 0.0 316.0 105.73 0.33460 0.20000 1.0000
360.00 250.0 66.0 56.919 287.48 153.14 438.82 0.0 316.0 158.82 0.50260 0.20000 1.0000
480.00 250.0 66.0 56.716 287.10 153.14 440.95 0.0 316.0 211.91 0.67060 0.20000 1.0000
600.00 249.0 67.0 56.512 286.21 155.46 440.77 0.0 316.0 265.00 0.83860 0.20000 1.0000
720.00 247.0 69.0 56.309 285.34 160.10 446.08 0.0 316.0 318.09 1.0066 0.20000 1.0000
840.00 247.0 69.0 56.106 286.14 160.10 445.81 0.0 316.0 371.17 1.1746 0.20000 1.0000
960.00 246.0 70.0 55.903 284.04 162.42 447.17 0.0 316.0 424.26 1.3426 0.20000 1.0000
1080.0 246.0 70.0 55.700 285.65 162.42 448.38 0.0 316.0 477.35 1.5106 0.20000 1.0000
1200.0 244.0 72.0 55.498 284.43 167.06 451.86 0.0 316.0 530.44 1.6786 0.20000 1.0000
1320.0 244.0 72.0 55.296 284.96 167.06 450.26 0.0 316.0 583.53 1.8466 0.20000 1.0000
1440.0 242.0 74.0 55.094 283.57 171.70 454.77 0.0 316.0 636.61 2.0146 0.20000 1.0000
1560.0 241.0 75.0 54.893 281.64 174.02 456.46 0.0 316.0 689.70 2.1826 0.20000 1.0000
1680.0 238.0 78.0 54.693 280.85 180.98 462.96 0.0 316.0 742.79 2.3506 0.20000 1.0000
1800.0 238.0 78.0 54.493 281.21 180.98 461.16 0.0 316.0 795.88 2.5186 0.20000 1.0000
1920.0 238.0 78.0 54.293 281.53 180.98 462.16 0.0 316.0 848.97 2.6866 0.20000 1.0000
2040.0 238.0 78.0 54.093 282.00 180.98 462.91 0.0 316.0 902.05 2.8546 0.20000 1.0000
2160.0 237.0 79.0 53.893 280.17 183.30 464.83 0.0 316.0 955.14 3.0226 0.20000 1.0000
2280.0 237.0 79.0 53.693 280.70 183.30 463.65 0.0 316.0 1008.2 3.1906 0.20000 1.0000
2400.0 236.0 80.0 53.494 280.51 185.63 466.56 0.0 316.0 1061.3 3.3586 0.20000 1.0000
2520.0 235.0 81.0 53.295 279.72 187.95 466.31 0.0 316.0 1114.4 3.5266 0.20000 1.0000
2640.0 234.0 82.0 53.096 280.49 190.27 470.73 0.0 316.0 1167.5 3.6946 0.20000 1.0000
2760.0 234.0 82.0 52.897 278.60 190.27 467.95 0.0 316.0 1220.6 3.8626 0.20000 1.0000
2880.0 234.0 82.0 52.698 280.07 190.27 469.27 0.0 316.0 1273.7 4.0306 0.20000 1.0000
3000.0 234.0 82.0 52.500 280.97 190.27 470.57 0.0 316.0 1326.8 4.1986 0.20000 1.0000
3120.0 232.0 84.0 52.301 278.85 194.91 474.03 0.0 316.0 1379.8 4.3666 0.20000 1.0000
3240.0 231.0 85.0 52.103 278.39 197.23 474.43 0.0 316.0 1432.9 4.5346 0.20000 1.0000
3360.0 229.0 87.0 51.906 276.41 201.87 479.34 0.0 316.0 1486.0 4.7026 0.40000 2.0000
3480.0 229.0 87.0 51.709 277.09 201.87 479.01 0.0 316.0 1539.1 4.8706 0.40000 2.0000
3600.0 229.0 87.0 51.512 277.16 201.87 478.15 0.0 316.0 1592.2 5.0386 0.40000 2.0000
3720.0 228.0 88.0 51.315 277.25 201.87 479.63 0.0 316.0 1645.3 5.2066 0.40000 2.0000
3840.0 227.0 89.0 51.119 276.89 206.51 482.97 0.0 316.0 1698.4 5.3746 0.40000 2.0000
3960.0 227.0 89.0 50.922 275.44 206.51 482.32 0.0 316.0 1751.5 5.5426 0.40000 2.0000
4080.0 226.0 90.0 50.726 276.07 208.83 485.32 0.0 316.0 1804.5 5.7106 0.40000 2.0000
4200.0 225.0 91.0 50.530 276.74 211.15 487.97 0.0 316.0 1857.6 5.8786 0.40000 2.0000
4320.0 225.0 91.0 50.334 276.03 211.15 487.06 0.0 316.0 1910.7 6.0466 0.40000 2.0000
4440.0 222.0 94.0 50.139 275.13 218.11 492.33 0.0 316.0 1963.8 6.2146 0.40000 2.0000
4560.0 222.0 94.0 49.945 273.61 218.11 490.98 0.0 316.0 2016.9 6.3826 0.40000 2.0000
4680.0 220.0 96.0 49.750 272.70 222.75 496.50 0.0 316.0 2070.0 6.5506 0.40000 2.0000
4800.0 220.0 96.0 49.556 272.64 222.75 495.16 0.0 316.0 2123.1 6.7186 0.40000 2.0000
4920.0 219.0 97.0 49.362 272.48 225.07 495.95 0.0 316.0 2176.2 6.8866 0.40000 2.0000
5040.0 218.0 98.0 49.169 271.53 227.39 499.09 0.0 316.0 2229.3 7.0546 0.40000 2.0000
5160.0 218.0 98.0 48.975 273.35 227.39 500.32 0.0 316.0 2282.3 7.2226 0.40000 2.0000
5280.0 218.0 98.0 48.782 271.89 227.39 499.84 0.0 316.0 2335.4 7.3906 0.40000 2.0000
5400.0 216.0 100.0 48.589 271.82 232.03 503.51 0.0 316.0 2388.5 7.5586 0.40000 2.0000
5520.0 215.0 101.0 48.396 269.58 234.35 504.47 0.0 316.0 2441.6 7.7266 0.40000 2.0000
5640.0 215.0 101.0 48.204 271.41 234.35 506.31 0.0 316.0 2494.7 7.8946 0.40000 2.0000
5760.0 215.0 101.0 48.011 271.51 234.35 505.05 0.0 316.0 2547.8 8.0626 0.40000 2.0000
5880.0 215.0 101.0 47.819 271.19 234.35 506.73 0.0 316.0 2600.9 8.2306 0.40000 2.0000
6000.0 213.0 103.0 47.627 269.90 238.99 509.39 0.0 316.0 2654.0 8.3986 0.40000 2.0000
6120.0 212.0 104.0 47.435 270.48 241.31 510.85 0.0 316.0 2707.0 8.5666 0.40000 2.0000
6240.0 212.0 104.0 47.244 269.10 241.31 511.69 0.0 316.0 2760.1 8.7346 0.40000 2.0000
6360.0 212.0 104.0 47.052 269.38 241.31 510.51 0.0 316.0 2813.2 8.9026 0.40000 2.0000
6480.0 211.0 105.0 46.861 270.25 243.63 512.82 0.0 316.0 2866.3 9.0706 0.40000 2.0000
6600.0 211.0 105.0 46.670 269.33 243.63 513.20 0.0 316.0 2919.4 9.2386 0.40000 2.0000
6720.0 210.0 106.0 46.479 268.19 245.95 514.76 0.0 316.0 2972.5 9.4066 0.40000 2.0000
6840.0 210.0 106.0 46.288 268.66 245.95 514.88 0.0 316.0 3025.6 9.5746 0.40000 2.0000
6960.0 209.0 107.0 46.097 267.99 248.27 516.31 0.0 316.0 3078.7 9.7426 0.40000 2.0000
7080.0 209.0 107.0 45.907 268.47 248.27 516.49 0.0 316.0 3131.7 9.9106 0.40000 2.0000
7200.0 206.0 110.0 45.717 266.41 255.23 521.65 0.0 316.0 3184.8 10.079 0.40000 2.0000
7320.0 205.0 111.0 45.527 266.38 257.55 524.11 0.0 316.0 3237.9 10.247 0.40000 2.0000
7440.0 204.0 112.0 45.338 264.49 259.88 524.37 0.0 316.0 3291.0 10.415 0.40000 2.0000
7560.0 204.0 112.0 45.150 266.42 259.88 525.25 0.0 316.0 3344.1 10.583 0.40000 2.0000
7680.0 203.0 113.0 44.961 265.73 262.20 527.00 0.0 316.0 3397.2 10.751 0.40000 2.0000
7800.0 202.0 114.0 44.773 265.85 264.52 528.54 0.0 316.0 3450.3 10.919 0.40000 2.0000
7920.0 202.0 114.0 44.585 264.21 264.52 528.37 0.0 316.0 3503.4 11.087 0.40000 2.0000
8040.0 201.0 115.0 44.397 266.07 266.84 531.97 0.0 316.0 3556.5 11.255 0.40000 2.0000
8160.0 201.0 115.0 44.210 264.84 266.84 531.28 0.0 316.0 3609.5 11.422 0.40000 2.0000
8280.0 200.0 116.0 44.022 263.42 269.16 532.98 0.0 316.0 3662.4 11.590 0.40000 2.0000
8400.0 200.0 116.0 43.835 264.04 269.16 533.05 0.0 316.0 3715.3 11.757 0.40000 2.0000
8520.0 200.0 116.0 43.647 264.11 269.16 532.53 0.0 316.0 3768.2 11.925 0.40000 2.0000
8640.0 199.0 117.0 43.460 263.60 271.48 534.81 0.0 316.0 3821.2 12.092 0.40000 2.0000
8760.0 198.0 118.0 43.273 264.38 273.80 538.28 0.0 316.0 3874.1 12.260 0.40000 2.0000
8880.0 198.0 118.0 43.086 263.70 273.80 537.27 0.0 316.0 3927.0 12.427 0.40000 2.0000
9000.0 197.0 119.0 42.899 261.72 276.12 537.87 0.0 316.0 3980.0 12.595 0.40000 2.0000
9120.0 196.0 120.0 42.713 260.98 278.44 539.26 0.0 316.0 4033.1 12.763 0.40000 2.0000
9240.0 194.0 122.0 42.527 259.20 283.08 543.46 0.0 316.0 4086.2 12.931 0.40000 2.0000
9360.0 193.0 123.0 42.342 261.11 285.40 545.44 0.0 316.0 4139.3 13.099 0.40000 2.0000
9480.0 193.0 123.0 42.157 262.14 285.40 547.33 0.0 316.0 4192.4 13.267 0.40000 2.0000
9600.0 193.0 123.0 41.972 260.70 285.40 545.41 0.0 316.0 4245.4 13.435 0.40000 2.0000
9720.0 193.0 123.0 41.787 260.28 285.40 546.32 0.0 316.0 4298.5 13.603 0.40000 2.0000
9840.0 191.0 125.0 41.602 260.67 290.04 550.92 0.0 316.0 4351.6 13.771 0.40000 2.0000
9960.0 189.0 127.0 41.417 258.72 294.68 553.53 0.0 316.0 4404.7 13.939 0.40000 2.0000
10080 189.0 127.0 41.234 258.09 294.68 552.40 0.0 316.0 4457.8 14.107 0.40000 2.0000
10200 187.0 129.0 41.050 257.59 299.32 557.32 0.0 316.0 4510.9 14.275 0.40000 2.0000
10320 187.0 129.0 40.867 259.47 299.32 558.08 0.0 316.0 4564.0 14.443 0.40000 2.0000
10440 186.0 130.0 40.684 257.82 301.64 558.34 0.0 316.0 4617.1 14.611 0.40000 2.0000
10560 186.0 130.0 40.501 257.37 301.64 558.91 0.0 316.0 4670.2 14.779 0.40000 2.0000
10680 186.0 130.0 40.323 256.85 299.32 555.71 1.0 315.0 4723.2 14.947 0.40000 2.0000
10800 186.0 130.0 40.152 256.42 299.32 555.78 1.0 315.0 4776.1 15.114 0.40000 2.0000
10920 186.0 130.0 39.980 257.79 299.32 556.80 1.0 315.0 4829.0 15.282 0.40000 2.0000
11040 186.0 130.0 39.808 257.39 299.32 556.84 1.0 315.0 4881.9 15.449 0.40000 2.0000
11160 186.0 130.0 39.636 256.94 299.32 555.71 1.0 315.0 4934.8 15.617 0.40000 2.0000
11280 186.0 130.0 39.464 256.43 299.32 555.43 1.0 315.0 4987.8 15.784 0.40000 2.0000
11400 186.0 130.0 39.292 258.12 299.32 555.97 1.0 315.0 5040.7 15.952 0.40000 2.0000
11520 184.0 132.0 39.120 255.58 303.96 559.95 1.0 315.0 5093.6 16.119 0.40000 2.0000
11640 181.0 135.0 38.950 254.19 310.92 565.27 1.0 315.0 5146.5 16.286 0.40000 2.0000
11760 181.0 135.0 38.783 253.16 306.28 559.06 2.0 314.0 5199.4 16.454 0.40000 2.0000
11880 180.0 136.0 38.624 251.43 306.28 557.96 2.0 314.0 5251.9 16.620 0.40000 2.0000
12000 178.0 138.0 38.466 251.40 310.92 562.45 2.0 314.0 5304.3 16.786 0.40000 2.0000
12120 177.0 139.0 38.309 249.38 310.92 560.86 2.0 314.0 5356.6 16.951 0.40000 2.0000
12240 177.0 139.0 38.154 250.06 310.92 560.98 3.0 313.0 5408.9 17.117 0.40000 2.0000
12360 176.0 140.0 38.008 250.27 313.24 563.14 3.0 313.0 5461.1 17.282 0.40000 2.0000
12480 176.0 140.0 37.862 249.18 313.24 562.61 3.0 313.0 5513.4 17.447 0.40000 2.0000
12600 174.0 142.0 37.716 249.83 317.88 566.76 3.0 313.0 5565.6 17.613 0.40000 2.0000
12720 173.0 143.0 37.571 249.20 320.20 568.57 3.0 313.0 5617.9 17.778 0.40000 2.0000
12840 173.0 143.0 37.426 248.87 320.20 568.31 3.0 313.0 5670.1 17.943 0.40000 2.0000
12960 172.0 144.0 37.282 248.13 320.20 568.40 3.0 313.0 5722.2 18.108 0.40000 2.0000
13080 172.0 144.0 37.137 246.84 322.52 569.98 3.0 313.0 5774.3 18.273 0.40000 2.0000
13200 172.0 144.0 36.993 245.41 322.52 569.54 3.0 313.0 5826.4 18.438 0.40000 2.0000
13320 170.0 146.0 36.850 246.99 327.16 573.82 3.0 313.0 5878.5 18.603 0.40000 2.0000
13440 170.0 146.0 36.706 247.44 327.16 573.61 3.0 313.0 5930.6 18.768 0.40000 2.0000
13560 169.0 147.0 36.563 245.22 329.48 575.05 3.0 313.0 5982.6 18.932 0.40000 2.0000
13680 169.0 147.0 36.420 246.21 329.48 576.03 3.0 313.0 6034.7 19.097 0.40000 2.0000
13800 169.0 147.0 36.287 244.59 329.48 573.68 4.0 312.0 6086.8 19.262 0.40000 2.0000
13920 169.0 147.0 36.154 245.74 329.48 576.45 4.0 312.0 6138.9 19.427 0.40000 2.0000
14040 167.0 149.0 36.022 246.37 331.80 578.60 4.0 312.0 6190.9 19.592 0.40000 2.0000
14160 167.0 149.0 35.893 244.08 329.48 574.20 4.0 312.0 6242.7 19.755 0.40000 2.0000
14280 166.0 150.0 35.765 243.64 329.48 573.63 5.0 311.0 6294.3 19.919 0.40000 2.0000
14400 163.0 153.0 35.646 241.55 334.13 575.60 5.0 311.0 6345.7 20.081 0.40000 2.0000
14520 162.0 154.0 35.527 241.25 336.45 578.04 5.0 311.0 6396.9 20.243 0.40000 2.0000
14640 162.0 154.0 35.409 240.44 336.45 577.40 5.0 311.0 6448.2 20.406 0.40000 2.0000
14760 162.0 154.0 35.292 240.45 336.45 577.14 5.0 311.0 6499.6 20.568 0.40000 2.0000
14880 162.0 154.0 35.174 238.47 336.45 575.38 5.0 311.0 6550.8 20.730 0.40000 2.0000
15000 161.0 155.0 35.050 240.79 338.77 579.00 4.0 312.0 6602.0 20.893 0.40000 2.0000
15120 161.0 155.0 34.922 240.29 338.77 578.07 4.0 312.0 6653.3 21.055 0.40000 2.0000
15240 160.0 156.0 34.793 239.67 341.09 580.64 4.0 312.0 6704.5 21.217 0.40000 2.0000
15360 160.0 156.0 34.674 240.64 341.09 582.19 5.0 311.0 6755.8 21.379 0.40000 2.0000
15480 159.0 157.0 34.557 239.64 343.41 583.24 5.0 311.0 6807.2 21.542 0.40000 2.0000
15600 157.0 159.0 34.440 237.04 348.05 585.02 5.0 311.0 6858.6 21.704 0.40000 2.0000
15720 154.0 162.0 34.326 235.12 352.69 589.31 5.0 311.0 6909.8 21.867 0.40000 2.0000
15840 154.0 162.0 34.210 236.39 352.69 590.42 5.0 311.0 6961.1 22.029 0.40000 2.0000
15960 153.0 163.0 34.095 236.80 355.01 592.87 5.0 311.0 7012.3 22.191 0.40000 2.0000
16080 153.0 163.0 33.985 235.92 355.01 590.86 6.0 310.0 7063.7 22.354 0.40000 2.0000
16200 153.0 163.0 33.881 237.33 352.69 588.07 6.0 310.0 7115.0 22.516 0.40000 2.0000
16320 153.0 163.0 33.776 234.85 355.01 590.56 6.0 310.0 7166.3 22.678 0.40000 2.0000
16440 151.0 165.0 33.672 234.91 359.65 595.43 6.0 310.0 7217.5 22.840 0.40000 2.0000
16560 148.0 168.0 33.576 232.51 368.93 602.64 7.0 309.0 7268.7 23.002 0.40000 2.0000
16680 147.0 169.0 33.485 231.71 371.25 604.27 7.0 309.0 7320.0 23.164 0.40000 2.0000
16800 148.0 168.0 33.393 231.22 371.25 604.55 7.0 309.0 7371.2 23.327 0.40000 2.0000
16920 147.0 169.0 33.302 231.26 371.25 602.37 7.0 309.0 7422.4 23.489 0.40000 2.0000
17040 146.0 170.0 33.205 233.20 371.25 603.30 5.0 311.0 7473.3 23.650 0.40000 2.0000
17160 146.0 170.0 33.086 231.33 368.93 601.00 5.0 311.0 7524.2 23.811 0.40000 2.0000
17280 145.0 171.0 32.973 232.06 371.25 603.47 5.0 311.0 7575.0 23.971 0.40000 2.0000
17400 145.0 171.0 32.861 231.28 368.93 599.54 5.0 311.0 7625.7 24.132 0.40000 2.0000
17520 144.0 172.0 32.750 230.77 371.25 602.43 5.0 311.0 7676.6 24.293 0.40000 2.0000
17640 144.0 172.0 32.641 232.66 371.25 603.71 6.0 310.0 7727.6 24.455 0.40000 2.0000
17760 142.0 174.0 32.540 230.22 375.89 606.34 6.0 310.0 7778.7 24.616 0.40000 2.0000
17880 143.0 173.0 32.439 231.30 375.89 606.85 6.0 310.0 7829.8 24.778 0.40000 2.0000
18000 142.0 174.0 32.339 230.11 378.21 608.24 6.0 310.0 7880.8 24.939 0.40000 2.0000
18120 143.0 173.0 32.238 229.72 378.21 607.61 6.0 310.0 7931.9 25.101 0.40000 2.0000
18240 142.0 174.0 32.139 228.71 380.53 609.00 6.0 310.0 7983.0 25.263 0.40000 2.0000
18360 141.0 175.0 32.037 228.43 382.85 611.62 5.0 311.0 8034.1 25.424 0.40000 2.0000
18480 140.0 176.0 31.926 230.17 385.17 616.18 5.0 311.0 8085.1 25.586 0.40000 2.0000
18600 140.0 176.0 31.818 228.03 385.17 613.37 6.0 310.0 8136.1 25.747 0.40000 2.0000
18720 140.0 176.0 31.719 228.00 385.17 613.40 6.0 310.0 8187.0 25.908 0.40000 2.0000
18840 140.0 176.0 31.610 230.33 387.49 618.83 4.0 312.0 8237.9 26.069 0.40000 2.0000
18960 139.0 177.0 31.489 230.80 389.81 620.36 4.0 312.0 8289.0 26.231 0.40000 2.0000
19080 137.0 179.0 31.368 227.16 394.45 622.13 4.0 312.0 8340.2 26.393 0.40000 2.0000
19200 136.0 180.0 31.248 228.58 396.77 624.68 4.0 312.0 8391.5 26.555 0.40000 2.0000
19320 135.0 181.0 31.134 227.47 394.45 622.88 5.0 311.0 8442.6 26.717 0.40000 2.0000
19440 134.0 182.0 31.026 225.71 392.13 618.22 5.0 311.0 8493.4 26.878 0.40000 2.0000
19560 133.0 183.0 30.909 224.11 392.13 615.61 4.0 312.0 8544.1 27.038 0.40000 2.0000
19680 134.0 182.0 30.791 224.96 392.13 617.09 4.0 312.0 8594.9 27.199 0.40000 2.0000
19800 134.0 182.0 30.674 224.49 389.81 614.51 4.0 312.0 8645.5 27.359 0.40000 2.0000
19920 134.0 182.0 30.557 223.69 387.49 612.17 4.0 312.0 8695.9 27.519 0.40000 2.0000
20040 133.0 183.0 30.440 223.35 389.81 613.22 4.0 312.0 8746.3 27.678 0.40000 2.0000
20160 133.0 183.0 30.313 224.68 392.13 615.84 3.0 313.0 8796.7 27.838 0.40000 2.0000
20280 132.0 184.0 30.186 223.48 394.45 618.54 3.0 313.0 8847.2 27.998 0.40000 2.0000
20400 131.0 185.0 30.068 222.07 396.77 618.78 4.0 312.0 8897.8 28.158 0.40000 2.0000
20520 130.0 186.0 29.952 221.26 396.77 618.42 4.0 312.0 8948.2 28.317 0.40000 2.0000
20640 129.0 187.0 29.839 222.30 399.09 620.98 5.0 311.0 8998.6 28.477 0.40000 2.0000
20760 128.0 188.0 29.727 222.71 401.41 623.60 5.0 311.0 9049.0 28.636 0.60000 3.0000
20880 126.0 190.0 29.627 220.60 406.05 627.25 6.0 310.0 9099.4 28.796 0.60000 3.0000
21000 126.0 190.0 29.533 222.36 406.05 626.95 6.0 310.0 9149.8 28.955 0.60000 3.0000
21120 126.0 190.0 29.440 220.61 408.38 629.94 6.0 310.0 9200.2 29.115 0.60000 3.0000
21240 126.0 190.0 29.362 220.63 408.38 629.02 8.0 308.0 9250.6 29.274 0.60000 3.0000
21360 125.0 191.0 29.289 218.80 408.38 629.00 8.0 308.0 9300.9 29.433 0.60000 3.0000
21480 124.0 192.0 29.222 219.35 410.70 631.00 9.0 307.0 9351.1 29.592 0.60000 3.0000
21600 123.0 193.0 29.161 219.32 413.02 632.64 9.0 307.0 9401.4 29.751 0.60000 3.0000
21720 122.0 194.0 29.089 218.86 415.34 634.54 8.0 308.0 9451.8 29.911 0.60000 3.0000
21840 121.0 195.0 29.021 218.76 417.66 636.39 9.0 307.0 9502.3 30.071 0.60000 3.0000
21960 121.0 195.0 28.970 217.28 415.34 633.42 10.0 306.0 9552.6 30.230 0.60000 3.0000
22080 121.0 195.0 28.924 219.57 415.34 633.17 11.0 305.0 9602.8 30.389 0.60000 3.0000
22200 121.0 195.0 28.886 217.72 415.34 633.07 11.0 305.0 9653.0 30.548 0.60000 3.0000
22320 121.0 195.0 28.847 218.54 415.34 633.41 11.0 305.0 9703.3 30.707 0.60000 3.0000
22440 121.0 195.0 28.818 218.68 415.34 633.87 12.0 304.0 9753.5 30.865 0.60000 3.0000
22560 120.0 196.0 28.796 215.24 415.34 631.55 13.0 303.0 9803.6 31.024 0.60000 3.0000
22680 120.0 196.0 28.780 215.76 408.38 624.49 13.0 303.0 9853.3 31.181 0.60000 3.0000
22800 118.0 198.0 28.768 215.25 413.02 627.31 13.0 303.0 9902.8 31.338 0.60000 3.0000
22920 119.0 197.0 28.752 215.62 413.02 627.66 13.0 303.0 9952.5 31.495 0.60000 3.0000
23040 119.0 197.0 28.737 213.45 410.70 624.81 13.0 303.0 10002 31.653 0.60000 3.0000
23160 120.0 196.0 28.722 215.73 410.70 626.21 13.0 303.0 10052 31.809 0.60000 3.0000
23280 120.0 196.0 28.707 213.49 408.38 622.03 13.0 303.0 10101 31.966 0.60000 3.0000
23400 121.0 195.0 28.693 212.99 408.38 621.44 13.0 303.0 10150 32.122 0.60000 3.0000
23520 120.0 196.0 28.683 210.61 406.05 616.43 14.0 302.0 10200 32.277 0.60000 3.0000
23640 120.0 196.0 28.681 209.29 401.41 611.38 14.0 302.0 10248 32.432 0.60000 3.0000
23760 122.0 194.0 28.669 211.39 401.41 613.55 12.0 304.0 10297 32.585 0.60000 3.0000
23880 122.0 194.0 28.648 210.21 401.41 611.85 13.0 303.0 10345 32.739 0.60000 3.0000
24000 122.0 194.0 28.635 212.27 401.41 613.15 13.0 303.0 10394 32.892 0.60000 3.0000
24120 121.0 195.0 28.622 211.60 403.73 614.62 13.0 303.0 10442 33.045 0.60000 3.0000
24240 121.0 195.0 28.602 214.74 403.73 617.98 12.0 304.0 10491 33.198 0.60000 3.0000
24360 123.0 193.0 28.585 212.87 403.73 617.37 13.0 303.0 10539 33.351 0.60000 3.0000
24480 120.0 196.0 28.583 210.29 403.73 614.22 15.0 301.0 10587 33.504 0.60000 3.0000
24600 121.0 195.0 28.593 209.65 403.73 613.53 16.0 300.0 10635 33.656 0.60000 3.0000
24720 120.0 196.0 28.612 210.46 406.05 617.28 16.0 300.0 10684 33.809 0.60000 3.0000
24840 120.0 196.0 28.616 210.69 406.05 618.19 16.0 301.0 10732 33.962 0.60000 3.0000
24960 120.0 196.0 28.632 211.85 403.73 615.69 17.0 299.0 10780 34.115 0.60000 3.0000
25080 119.0 197.0 28.672 211.19 406.05 617.04 18.0 298.0 10829 34.268 0.60000 3.0000
25200 118.0 198.0 28.712 210.42 406.05 615.63 18.0 298.0 10877 34.420 0.60000 3.0000
25320 118.0 198.0 28.753 208.97 408.38 617.74 18.0 298.0 10925 34.573 0.60000 3.0000
25440 118.0 198.0 28.806 209.72 408.38 617.86 20.0 296.0 10974 34.727 0.60000 3.0000
25560 118.0 198.0 28.863 209.72 406.05 615.82 20.0 296.0 11022 34.880 0.60000 3.0000
25680 118.0 198.0 28.913 212.09 406.05 618.55 19.0 297.0 11071 35.034 0.60000 3.0000
25800 115.0 201.0 28.964 209.77 413.02 622.58 19.0 297.0 11119 35.187 0.60000 3.0000
25920 114.0 202.0 29.005 210.79 413.02 624.02 17.0 299.0 11168 35.341 0.60000 3.0000
26040 114.0 202.0 29.031 211.15 415.34 626.17 17.0 299.0 11217 35.496 0.60000 3.0000
26160 114.0 202.0 29.060 212.84 415.34 627.57 17.0 299.0 11266 35.651 0.60000 3.0000
26280 114.0 202.0 29.094 209.81 413.02 622.59 18.0 298.0 11315 35.807 0.60000 3.0000
26400 114.0 202.0 29.143 210.50 413.02 623.97 19.0 297.0 11364 35.961 0.60000 3.0000
26520 114.0 202.0 29.194 210.75 413.02 623.95 19.0 297.0 11413 36.116 0.60000 3.0000
26640 114.0 202.0 29.246 210.30 415.34 625.15 19.0 297.0 11462 36.271 0.60000 3.0000
26760 114.0 202.0 29.297 209.77 417.66 627.66 19.0 297.0 11510 36.425 0.60000 3.0000
26880 115.0 201.0 29.360 209.28 415.34 624.60 20.0 296.0 11559 36.580 0.60000 3.0000
27000 116.0 200.0 29.421 208.68 417.66 627.46 19.0 297.0 11608 36.734 0.60000 3.0000
27120 115.0 201.0 29.475 208.07 422.30 630.78 20.0 296.0 11657 36.889 0.60000 3.0000
27240 115.0 201.0 29.525 211.54 424.62 636.31 17.0 299.0 11706 37.044 0.60000 3.0000
27360 116.0 200.0 29.554 211.78 424.62 636.07 17.0 299.0 11755 37.198 0.60000 3.0000
27480 118.0 198.0 29.593 211.47 424.62 635.37 18.0 298.0 11804 37.353 0.60000 3.0000
27600 120.0 196.0 29.627 212.50 426.94 637.27 18.0 298.0 11853 37.509 0.60000 3.0000
27720 120.0 196.0 29.666 215.80 426.94 642.59 17.0 299.0 11902 37.666 0.60000 3.0000
27840 116.0 200.0 29.698 212.10 429.26 640.84 17.0 299.0 11952 37.822 0.60000 3.0000
27960 117.0 199.0 29.742 211.05 431.58 642.45 19.0 297.0 12001 37.978 0.60000 3.0000
28080 116.0 200.0 29.786 212.26 433.90 645.90 18.0 298.0 12051 38.135 0.60000 3.0000
28200 113.0 203.0 29.822 210.64 436.22 647.45 17.0 299.0 12100 38.291 0.60000 3.0000
28320 112.0 204.0 29.843 211.35 438.54 649.69 16.0 300.0 12149 38.448 0.60000 3.0000
28440 111.0 205.0 29.860 211.95 440.86 651.87 15.0 301.0 12199 38.604 0.60000 3.0000
28560 111.0 205.0 29.851 212.60 443.18 655.99 13.0 303.0 12248 38.761 0.60000 3.0000
28680 109.0 207.0 29.838 212.14 447.82 659.61 13.0 303.0 12298 38.918 0.60000 3.0000
28800 108.0 208.0 29.841 210.72 450.14 660.48 15.0 301.0 12347 39.074 0.60000 3.0000
28920 106.0 210.0 29.851 208.80 454.78 663.64 15.0 301.0 12397 39.231 0.60000 3.0000
29040 106.0 210.0 29.869 207.19 445.50 653.56 16.0 300.0 12446 39.386 0.60000 3.0000
29160 106.0 210.0 29.890 208.65 443.18 650.39 16.0 300.0 12495 39.542 0.60000 3.0000
29280 106.0 210.0 29.912 207.02 445.50 652.40 17.0 299.0 12544 39.697 0.60000 3.0000
29400 107.0 209.0 29.945 205.99 445.50 652.00 17.0 299.0 12593 39.852 0.60000 3.0000
29520 106.0 210.0 29.965 207.73 447.82 655.36 15.0 301.0 12643 40.008 0.60000 3.0000
29640 107.0 209.0 29.976 207.06 445.50 653.26 15.0 301.0 12692 40.164 0.60000 3.0000
29760 106.0 210.0 29.986 208.32 447.82 654.84 14.0 302.0 12741 40.320 0.60000 3.0000
29880 104.0 212.0 29.990 206.64 447.82 654.23 14.0 302.0 12790 40.475 0.60000 3.0000
30000 103.0 213.0 29.992 206.04 452.46 658.29 14.0 302.0 12839 40.629 0.60000 3.0000
30120 104.0 212.0 29.993 207.23 452.46 659.72 14.0 302.0 12888 40.785 0.60000 3.0000
30240 104.0 212.0 30.000 204.63 454.78 658.87 15.0 301.0 12937 40.941 0.60000 3.0000
30360 104.0 212.0 30.014 203.93 450.14 655.57 16.0 300.0 12986 41.096 0.60000 3.0000
30480 104.0 212.0 30.049 203.29 452.46 655.78 17.0 299.0 13035 41.251 0.60000 3.0000
30600 103.0 213.0 30.083 201.83 452.46 654.96 16.0 300.0 13084 41.405 0.60000 3.0000
30720 101.0 215.0 30.120 203.41 457.10 660.93 17.0 299.0 13133 41.560 0.60000 3.0000
30840 101.0 215.0 30.163 201.82 450.14 651.47 18.0 298.0 13182 41.714 0.60000 3.0000
30960 100.0 216.0 30.209 201.44 452.46 654.21 17.0 299.0 13230 41.868 0.60000 3.0000
31080 98.0 218.0 30.234 201.87 454.78 656.59 16.0 300.0 13279 42.022 0.60000 3.0000
31200 98.0 218.0 30.260 198.82 450.14 649.36 16.0 300.0 13327 42.175 0.60000 3.0000
31320 98.0 218.0 30.274 200.82 452.46 652.23 14.0 302.0 13375 42.327 0.60000 3.0000
31440 100.0 216.0 30.287 202.23 452.46 655.02 15.0 301.0 13423 42.479 0.60000 3.0000
31560 100.0 216.0 30.292 204.14 452.46 656.58 14.0 302.0 13471 42.631 0.60000 3.0000
31680 100.0 216.0 30.295 203.18 452.46 655.74 14.0 302.0 13520 42.784 0.60000 3.0000
31800 100.0 216.0 30.302 201.49 452.46 653.25 15.0 301.0 13568 42.937 0.60000 3.0000
31920 98.0 218.0 30.320 201.08 457.10 660.20 15.0 301.0 13617 43.091 0.60000 3.0000
32040 97.0 219.0 30.336 202.93 459.42 660.89 16.0 300.0 13665 43.245 0.60000 3.0000
32160 95.0 221.0 30.361 200.84 461.74 663.79 15.0 301.0 13714 43.400 0.60000 3.0000
32280 95.0 221.0 30.384 201.53 461.74 661.85 15.0 301.0 13763 43.554 0.60000 3.0000
32400 93.0 223.0 30.404 199.92 464.06 663.31 16.0 300.0 13812 43.708 0.60000 3.0000
32520 92.0 224.0 30.431 200.44 466.38 666.29 15.0 301.0 13860 43.862 0.60000 3.0000
32640 91.0 225.0 30.447 200.54 468.70 670.08 15.0 301.0 13909 44.016 0.60000 3.0000
32760 90.0 226.0 30.477 198.87 473.34 670.98 18.0 298.0 13958 44.171 0.60000 3.0000
32880 93.0 223.0 30.521 198.18 468.70 667.09 17.0 299.0 14007 44.326 0.60000 3.0000
33000 92.0 224.0 30.557 200.26 473.34 673.45 16.0 300.0 14056 44.480 0.60000 3.0000
33120 92.0 224.0 30.585 196.31 473.34 671.58 16.0 300.0 14104 44.634 0.60000 3.0000
33240 93.0 223.0 30.631 198.66 475.66 674.33 19.0 297.0 14154 44.790 0.60000 3.0000
33360 90.0 226.0 30.679 197.91 480.30 678.79 17.0 299.0 14203 44.945 0.60000 3.0000
33480 90.0 226.0 30.718 197.79 477.98 675.78 17.0 299.0 14251 45.099 0.60000 3.0000
33600 90.0 226.0 30.759 198.66 477.98 674.60 18.0 298.0 14300 45.253 0.60000 3.0000
33720 89.0 227.0 30.800 197.99 475.66 674.42 17.0 299.0 14349 45.407 0.60000 3.0000
33840 87.0 229.0 30.828 197.91 477.98 676.66 16.0 300.0 14397 45.561 0.60000 3.0000
33960 88.0 228.0 30.853 196.33 482.63 679.79 15.0 301.0 14446 45.715 0.60000 3.0000
34080 85.0 231.0 30.872 196.05 484.95 681.58 14.0 301.0 14495 45.869 0.60000 3.0000
34200 85.0 231.0 30.873 197.38 484.95 682.37 13.0 303.0 14543 46.023 0.60000 3.0000
34320 85.0 231.0 30.881 195.98 482.63 678.56 15.0 301.0 14592 46.178 0.60000 3.0000
34440 82.0 234.0 30.919 194.25 489.59 684.35 17.0 299.0 14641 46.332 0.60000 3.0000
34560 82.0 234.0 30.958 194.49 487.27 681.12 16.0 300.0 14690 46.487 0.60000 3.0000
34680 82.0 234.0 30.994 193.85 487.27 680.50 17.0 299.0 14738 46.641 0.60000 3.0000
34800 83.0 233.0 31.032 196.77 487.27 683.23 16.0 300.0 14787 46.794 0.60000 3.0000
34920 83.0 233.0 31.062 194.68 487.27 680.91 16.0 300.0 14836 46.948 0.60000 3.0000
35040 82.0 234.0 31.093 193.08 487.27 680.32 16.0 300.0 14884 47.101 0.60000 3.0000
35160 81.0 235.0 31.132 191.74 484.95 677.04 17.0 299.0 14932 47.254 0.60000 3.0000
35280 82.0 234.0 31.174 193.89 487.27 680.82 17.0 299.0 14980 47.406 0.60000 3.0000
35400 81.0 235.0 31.217 193.50 491.91 687.88 16.0 300.0 15029 47.559 0.60000 3.0000
35520 79.0 237.0 31.256 191.49 494.23 686.20 17.0 299.0 15077 47.712 0.60000 3.0000
35640 79.0 237.0 31.299 190.97 489.59 681.66 17.0 299.0 15126 47.866 0.60000 3.0000
35760 81.0 235.0 31.346 189.52 487.27 677.89 18.0 298.0 15174 48.019 0.60000 3.0000
35880 79.0 237.0 31.407 191.43 491.91 682.95 18.0 298.0 15222 48.171 0.60000 3.0000
36000 77.0 239.0 31.462 189.06 496.55 686.24 18.0 298.0 15270 48.324 0.60000 3.0000
36120 78.0 238.0 31.527 189.39 494.23 684.23 19.0 297.0 15319 48.477 0.60000 3.0000
36240 79.0 237.0 31.599 189.51 494.23 683.75 20.0 296.0 15367 48.629 0.60000 3.0000
36360 79.0 237.0 31.679 190.43 491.91 681.50 21.0 295.0 15415 48.781 0.60000 3.0000
36480 79.0 237.0 31.758 190.91 491.91 683.00 20.0 296.0 15463 48.934 0.60000 3.0000
36600 79.0 237.0 31.826 192.10 489.59 682.01 20.0 296.0 15511 49.086 0.60000 3.0000
36720 78.0 238.0 31.908 192.92 491.91 684.24 20.0 296.0 15559 49.239 0.60000 3.0000
36840 79.0 237.0 31.982 190.70 489.59 680.50 20.0 296.0 15608 49.391 0.60000 3.0000
36960 80.0 236.0 32.058 191.02 489.59 681.16 20.0 296.0 15656 49.544 0.60000 3.0000
37080 79.0 237.0 32.132 190.77 489.59 679.74 20.0 296.0 15704 49.695 0.60000 3.0000
37200 80.0 236.0 32.203 190.68 489.59 679.89 19.0 297.0 15752 49.847 0.60000 3.0000
37320 80.0 236.0 32.277 189.39 482.63 672.70 20.0 296.0 15799 49.998 0.60000 3.0000
37440 80.0 236.0 32.354 190.41 482.63 674.12 19.0 297.0 15847 50.148 0.60000 3.0000
37560 81.0 235.0 32.419 190.65 482.63 672.59 19.0 297.0 15894 50.299 0.60000 3.0000
37680 82.0 234.0 32.477 191.53 482.63 674.25 18.0 298.0 15942 50.450 0.60000 3.0000
37800 84.0 232.0 32.530 191.59 482.63 673.40 19.0 297.0 15990 50.601 0.60000 3.0000
37920 86.0 230.0 32.591 193.37 482.63 675.85 18.0 298.0 16038 50.752 0.60000 3.0000
38040 86.0 230.0 32.635 194.22 484.95 679.67 17.0 299.0 16086 50.904 0.60000 3.0000
38160 86.0 230.0 32.671 195.64 484.95 679.65 16.0 300.0 16134 51.058 0.60000 3.0000
38280 87.0 229.0 32.708 195.82 484.95 679.50 16.0 300.0 16183 51.211 0.60000 3.0000
38400 87.0 229.0 32.735 197.33 482.63 679.38 16.0 300.0 16231 51.363 0.60000 3.0000
38520 88.0 228.0 32.762 196.19 482.63 679.54 15.0 301.0 16279 51.516 0.60000 3.0000
38640 88.0 228.0 32.776 196.28 482.63 678.75 14.0 302.0 16327 51.668 0.60000 3.0000
38760 89.0 227.0 32.782 196.38 475.66 672.33 15.0 301.0 16375 51.821 0.60000 3.0000
38880 90.0 226.0 32.798 197.61 473.34 671.12 14.0 302.0 16423 51.972 0.60000 3.0000
39000 90.0 226.0 32.797 198.79 471.02 669.28 13.0 303.0 16471 52.123 0.60000 3.0000
39120 91.0 225.0 32.814 197.40 466.38 664.10 17.0 299.0 16519 52.275 0.60000 3.0000
39240 92.0 224.0 32.854 198.02 466.38 663.87 17.0 299.0 16567 52.427 0.60000 3.0000
39360 92.0 224.0 32.893 197.03 466.38 664.17 17.0 299.0 16615 52.579 0.60000 3.0000
39480 92.0 224.0 32.933 195.81 461.74 657.63 17.0 299.0 16663 52.731 0.60000 3.0000
39600 93.0 223.0 32.964 197.15 459.42 657.48 16.0 300.0 16711 52.883 0.60000 3.0000
39720 93.0 223.0 32.985 198.18 461.74 660.06 15.0 301.0 16759 53.035 0.60000 3.0000
39840 93.0 223.0 32.986 200.70 461.74 661.76 13.0 303.0 16807 53.187 0.60000 3.0000
39960 93.0 223.0 32.981 200.89 461.74 661.41 13.0 303.0 16855 53.340 0.60000 3.0000
40080 93.0 223.0 32.976 198.67 459.42 658.58 13.0 303.0 16904 53.493 0.60000 3.0000
40200 93.0 223.0 32.972 200.34 459.42 659.42 13.0 303.0 16952 53.646 0.60000 3.0000
40320 95.0 221.0 32.975 200.59 457.10 657.86 15.0 301.0 17000 53.798 0.60000 3.0000
40440 95.0 221.0 32.995 200.16 457.10 657.08 17.0 299.0 17049 53.951 0.60000 3.0000
40560 95.0 221.0 33.032 200.53 457.10 657.00 17.0 299.0 17097 54.104 0.60000 3.0000
40680 95.0 221.0 33.073 199.69 457.10 657.38 18.0 298.0 17145 54.258 0.60000 3.0000
40800 96.0 220.0 33.121 199.60 457.10 656.11 18.0 298.0 17194 54.411 0.60000 3.0000
40920 97.0 219.0 33.168 200.08 457.10 656.80 18.0 298.0 17243 54.565 0.60000 3.0000
41040 97.0 219.0 33.216 199.56 457.10 658.27 18.0 298.0 17291 54.719 0.60000 3.0000
41160 97.0 219.0 33.268 200.28 452.46 652.62 19.0 297.0 17340 54.873 0.60000 3.0000
41280 99.0 217.0 33.326 199.03 447.82 645.43 18.0 298.0 17388 55.025 0.60000 3.0000
41400 99.0 217.0 33.359 201.19 447.82 648.30 16.0 300.0 17436 55.177 0.60000 3.0000
41520 100.0 216.0 33.385 200.58 445.50 645.78 17.0 299.0 17484 55.329 0.60000 3.0000
41640 104.0 212.0 33.414 201.80 440.86 642.67 15.0 301.0 17532 55.481 0.60000 3.0000
41760 104.0 212.0 33.429 200.37 438.54 638.59 15.0 301.0 17580 55.633 0.60000 3.0000
41880 104.0 212.0 33.435 200.77 433.90 634.53 15.0 301.0 17628 55.784 0.60000 3.0000
42000 104.0 212.0 33.449 202.85 433.90 635.73 14.0 302.0 17675 55.935 0.60000 3.0000
42120 105.0 211.0 33.460 201.37 431.58 632.83 14.0 302.0 17723 56.086 0.60000 3.0000
42240 105.0 211.0 33.470 202.59 426.94 629.26 14.0 302.0 17771 56.237 0.60000 3.0000
42360 105.0 211.0 33.474 202.42 426.94 629.39 14.0 302.0 17818 56.387 0.60000 3.0000
42480 105.0 211.0 33.474 203.55 426.94 630.23 13.0 303.0 17866 56.538 0.60000 3.0000
42600 105.0 211.0 33.460 202.49 424.62 627.74 12.0 304.0 17914 56.689 0.60000 3.0000
42720 106.0 210.0 33.442 202.66 422.30 624.21 12.0 304.0 17961 56.840 0.60000 3.0000
42840 108.0 208.0 33.424 201.63 419.98 621.69 12.0 304.0 18009 56.991 0.60000 3.0000
42960 110.0 206.0 33.426 202.39 417.66 619.01 14.0 302.0 18056 57.140 0.60000 3.0000
43080 109.0 207.0 33.449 202.05 419.98 623.55 15.0 301.0 18104 57.290 0.60000 3.0000
43200 110.0 206.0 33.456 202.21 417.66 620.24 14.0 302.0 18151 57.440 0.60000 3.0000
#####################################################################
# End of data export. Simulation finished at: 2023-05-15T01:23+0000 #
#####################################################################
