#####################################################################
# Alchemist log file - simulation started at: 2023-05-09T22:10+0000 #
#####################################################################
#
# device_count = 316.2277660168379, battery_discharge_time = 12, low_battery_threshold = 0.0, high_battery_threshold = 100.0, epi_ratio = 30, cloud_epi = 30, seed = 0.0
#
# The columns have the following meaning: 
# time behaviourInDevice[sum] behaviourInCloud[sum] batteryPercentage[mean] batteryConsumption[sum] cloudConsumption[sum] totalConsumption[sum] isCharging[sum] cloudCost instances 
0.0000 316.00 0.0000 100.00 0.0000 0.0000 0.0000 0.0000 0.0000 0.0000
0.0000 316.00 0.0000 100.00 0.0000 0.0000 0.0000 0.0000 0.0000 0.0000
120.00 316.00 0.0000 58.509 195.53 0.0000 195.53 0.0000 0.0000 0.0000
240.00 316.00 0.0000 58.370 195.53 0.0000 195.53 0.0000 0.0000 0.0000
360.00 316.00 0.0000 58.231 195.53 0.0000 195.53 0.0000 0.0000 0.0000
480.00 316.00 0.0000 58.092 195.53 0.0000 195.53 0.0000 0.0000 0.0000
600.00 316.00 0.0000 57.953 195.53 0.0000 195.53 0.0000 0.0000 0.0000
720.00 316.00 0.0000 57.814 195.53 0.0000 195.53 0.0000 0.0000 0.0000
840.00 316.00 0.0000 57.676 195.53 0.0000 195.53 0.0000 0.0000 0.0000
960.00 316.00 0.0000 57.537 195.53 0.0000 195.53 0.0000 0.0000 0.0000
1080.0 316.00 0.0000 57.398 195.53 0.0000 195.53 0.0000 0.0000 0.0000
1200.0 316.00 0.0000 57.259 195.53 0.0000 195.53 0.0000 0.0000 0.0000
1320.0 316.00 0.0000 57.120 195.53 0.0000 195.53 0.0000 0.0000 0.0000
1440.0 316.00 0.0000 56.981 195.53 0.0000 195.53 0.0000 0.0000 0.0000
1560.0 316.00 0.0000 56.842 195.53 0.0000 195.53 0.0000 0.0000 0.0000
1680.0 316.00 0.0000 56.703 195.53 0.0000 195.53 0.0000 0.0000 0.0000
1800.0 316.00 0.0000 56.564 195.53 0.0000 195.53 0.0000 0.0000 0.0000
1920.0 316.00 0.0000 56.425 195.53 0.0000 195.53 0.0000 0.0000 0.0000
2040.0 316.00 0.0000 56.287 195.53 0.0000 195.53 0.0000 0.0000 0.0000
2160.0 316.00 0.0000 56.148 195.53 0.0000 195.53 0.0000 0.0000 0.0000
2280.0 316.00 0.0000 56.009 195.53 0.0000 195.53 0.0000 0.0000 0.0000
2400.0 316.00 0.0000 55.870 195.53 0.0000 195.53 0.0000 0.0000 0.0000
2520.0 316.00 0.0000 55.731 195.53 0.0000 195.53 0.0000 0.0000 0.0000
2640.0 316.00 0.0000 55.592 195.53 0.0000 195.53 0.0000 0.0000 0.0000
2760.0 316.00 0.0000 55.453 195.53 0.0000 195.53 0.0000 0.0000 0.0000
2880.0 316.00 0.0000 55.314 195.53 0.0000 195.53 0.0000 0.0000 0.0000
3000.0 316.00 0.0000 55.175 195.53 0.0000 195.53 0.0000 0.0000 0.0000
3120.0 316.00 0.0000 55.037 195.53 0.0000 195.53 0.0000 0.0000 0.0000
3240.0 316.00 0.0000 54.898 195.53 0.0000 195.53 0.0000 0.0000 0.0000
3360.0 316.00 0.0000 54.759 195.53 0.0000 195.53 0.0000 0.0000 0.0000
3480.0 316.00 0.0000 54.620 195.53 0.0000 195.53 0.0000 0.0000 0.0000
3600.0 316.00 0.0000 54.481 195.53 0.0000 195.53 0.0000 0.0000 0.0000
3720.0 316.00 0.0000 54.342 195.53 0.0000 195.53 0.0000 0.0000 0.0000
3840.0 316.00 0.0000 54.203 195.53 0.0000 195.53 0.0000 0.0000 0.0000
3960.0 316.00 0.0000 54.064 195.53 0.0000 195.53 0.0000 0.0000 0.0000
4080.0 316.00 0.0000 53.925 195.53 0.0000 195.53 0.0000 0.0000 0.0000
4200.0 316.00 0.0000 53.787 195.53 0.0000 195.53 0.0000 0.0000 0.0000
4320.0 316.00 0.0000 53.648 195.53 0.0000 195.53 0.0000 0.0000 0.0000
4440.0 316.00 0.0000 53.509 195.53 0.0000 195.53 0.0000 0.0000 0.0000
4560.0 316.00 0.0000 53.370 195.53 0.0000 195.53 0.0000 0.0000 0.0000
4680.0 316.00 0.0000 53.231 195.53 0.0000 195.53 0.0000 0.0000 0.0000
4800.0 316.00 0.0000 53.092 195.53 0.0000 195.53 0.0000 0.0000 0.0000
4920.0 316.00 0.0000 52.953 195.53 0.0000 195.53 0.0000 0.0000 0.0000
5040.0 316.00 0.0000 52.814 195.53 0.0000 195.53 0.0000 0.0000 0.0000
5160.0 316.00 0.0000 52.675 195.53 0.0000 195.53 0.0000 0.0000 0.0000
5280.0 316.00 0.0000 52.536 195.53 0.0000 195.53 0.0000 0.0000 0.0000
5400.0 316.00 0.0000 52.398 195.53 0.0000 195.53 0.0000 0.0000 0.0000
5520.0 316.00 0.0000 52.259 195.53 0.0000 195.53 0.0000 0.0000 0.0000
5640.0 316.00 0.0000 52.120 195.53 0.0000 195.53 0.0000 0.0000 0.0000
5760.0 316.00 0.0000 51.981 195.53 0.0000 195.53 0.0000 0.0000 0.0000
5880.0 316.00 0.0000 51.842 195.53 0.0000 195.53 0.0000 0.0000 0.0000
6000.0 316.00 0.0000 51.703 195.53 0.0000 195.53 0.0000 0.0000 0.0000
6120.0 316.00 0.0000 51.564 195.53 0.0000 195.53 0.0000 0.0000 0.0000
6240.0 316.00 0.0000 51.425 195.53 0.0000 195.53 0.0000 0.0000 0.0000
6360.0 316.00 0.0000 51.286 195.53 0.0000 195.53 0.0000 0.0000 0.0000
6480.0 316.00 0.0000 51.148 195.53 0.0000 195.53 0.0000 0.0000 0.0000
6600.0 316.00 0.0000 51.009 195.53 0.0000 195.53 0.0000 0.0000 0.0000
6720.0 316.00 0.0000 50.870 195.53 0.0000 195.53 0.0000 0.0000 0.0000
6840.0 316.00 0.0000 50.731 195.53 0.0000 195.53 0.0000 0.0000 0.0000
6960.0 316.00 0.0000 50.592 195.53 0.0000 195.53 0.0000 0.0000 0.0000
7080.0 316.00 0.0000 50.453 195.53 0.0000 195.53 0.0000 0.0000 0.0000
7200.0 316.00 0.0000 50.314 195.53 0.0000 195.53 0.0000 0.0000 0.0000
7320.0 316.00 0.0000 50.175 195.53 0.0000 195.53 0.0000 0.0000 0.0000
7440.0 316.00 0.0000 50.036 195.53 0.0000 195.53 0.0000 0.0000 0.0000
7560.0 316.00 0.0000 49.899 194.91 0.0000 194.91 1.0000 0.0000 0.0000
7680.0 316.00 0.0000 49.771 194.91 0.0000 194.91 1.0000 0.0000 0.0000
7800.0 316.00 0.0000 49.643 194.91 0.0000 194.91 1.0000 0.0000 0.0000
7920.0 316.00 0.0000 49.515 194.91 0.0000 194.91 1.0000 0.0000 0.0000
8040.0 316.00 0.0000 49.387 194.91 0.0000 194.91 1.0000 0.0000 0.0000
8160.0 316.00 0.0000 49.259 194.91 0.0000 194.91 1.0000 0.0000 0.0000
8280.0 316.00 0.0000 49.132 194.91 0.0000 194.91 1.0000 0.0000 0.0000
8400.0 316.00 0.0000 49.004 194.91 0.0000 194.91 1.0000 0.0000 0.0000
8520.0 316.00 0.0000 48.876 194.91 0.0000 194.91 1.0000 0.0000 0.0000
8640.0 316.00 0.0000 48.752 194.29 0.0000 194.29 2.0000 0.0000 0.0000
8760.0 316.00 0.0000 48.636 193.67 0.0000 193.67 3.0000 0.0000 0.0000
8880.0 316.00 0.0000 48.533 193.06 0.0000 193.06 4.0000 0.0000 0.0000
9000.0 316.00 0.0000 48.438 193.06 0.0000 193.06 4.0000 0.0000 0.0000
9120.0 316.00 0.0000 48.348 192.44 0.0000 192.44 5.0000 0.0000 0.0000
9240.0 316.00 0.0000 48.264 192.44 0.0000 192.44 5.0000 0.0000 0.0000
9360.0 316.00 0.0000 48.180 192.44 0.0000 192.44 5.0000 0.0000 0.0000
9480.0 316.00 0.0000 48.096 192.44 0.0000 192.44 5.0000 0.0000 0.0000
9600.0 316.00 0.0000 48.012 192.44 0.0000 192.44 5.0000 0.0000 0.0000
9720.0 316.00 0.0000 47.928 192.44 0.0000 192.44 5.0000 0.0000 0.0000
9840.0 316.00 0.0000 47.852 191.82 0.0000 191.82 6.0000 0.0000 0.0000
9960.0 316.00 0.0000 47.788 191.20 0.0000 191.20 7.0000 0.0000 0.0000
10080 316.00 0.0000 47.726 191.20 0.0000 191.20 7.0000 0.0000 0.0000
10200 316.00 0.0000 47.664 190.58 0.0000 191.20 8.0000 0.0000 0.0000
10320 316.00 0.0000 47.613 190.58 0.0000 190.58 8.0000 0.0000 0.0000
10440 316.00 0.0000 47.562 190.58 0.0000 190.58 8.0000 0.0000 0.0000
10560 316.00 0.0000 47.511 190.58 0.0000 190.58 8.0000 0.0000 0.0000
10680 316.00 0.0000 47.460 190.58 0.0000 190.58 8.0000 0.0000 0.0000
10800 316.00 0.0000 47.413 189.96 0.0000 189.96 9.0000 0.0000 0.0000
10920 316.00 0.0000 47.373 189.96 0.0000 189.96 9.0000 0.0000 0.0000
11040 316.00 0.0000 47.332 189.96 0.0000 189.96 9.0000 0.0000 0.0000
11160 316.00 0.0000 47.292 189.96 0.0000 189.96 9.0000 0.0000 0.0000
11280 316.00 0.0000 47.252 189.96 0.0000 189.96 9.0000 0.0000 0.0000
11400 316.00 0.0000 47.212 189.96 0.0000 189.96 9.0000 0.0000 0.0000
11520 316.00 0.0000 47.180 189.34 0.0000 189.34 10.000 0.0000 0.0000
11640 316.00 0.0000 47.151 189.34 0.0000 189.34 10.000 0.0000 0.0000
11760 316.00 0.0000 47.122 189.34 0.0000 189.34 10.000 0.0000 0.0000
11880 316.00 0.0000 47.093 189.34 0.0000 189.34 10.000 0.0000 0.0000
12000 316.00 0.0000 47.063 189.96 0.0000 189.96 9.0000 0.0000 0.0000
12120 316.00 0.0000 47.025 189.96 0.0000 189.96 9.0000 0.0000 0.0000
12240 316.00 0.0000 46.984 189.96 0.0000 189.96 9.0000 0.0000 0.0000
12360 316.00 0.0000 46.947 189.96 0.0000 189.96 9.0000 0.0000 0.0000
12480 316.00 0.0000 46.913 189.34 0.0000 189.34 10.000 0.0000 0.0000
12600 316.00 0.0000 46.893 188.72 0.0000 188.72 11.000 0.0000 0.0000
12720 316.00 0.0000 46.875 188.72 0.0000 188.72 11.000 0.0000 0.0000
12840 316.00 0.0000 46.869 187.49 0.0000 187.49 13.000 0.0000 0.0000
12960 316.00 0.0000 46.881 186.87 0.0000 186.87 14.000 0.0000 0.0000
13080 316.00 0.0000 46.896 186.87 0.0000 186.87 14.000 0.0000 0.0000
13200 316.00 0.0000 46.911 186.87 0.0000 186.87 14.000 0.0000 0.0000
13320 316.00 0.0000 46.914 188.10 0.0000 188.10 12.000 0.0000 0.0000
13440 316.00 0.0000 46.907 188.10 0.0000 188.10 12.000 0.0000 0.0000
13560 316.00 0.0000 46.900 188.10 0.0000 188.10 12.000 0.0000 0.0000
13680 316.00 0.0000 46.894 187.49 0.0000 187.49 13.000 0.0000 0.0000
13800 316.00 0.0000 46.895 188.10 0.0000 188.10 12.000 0.0000 0.0000
13920 316.00 0.0000 46.888 188.10 0.0000 188.10 12.000 0.0000 0.0000
14040 316.00 0.0000 46.881 188.10 0.0000 188.10 12.000 0.0000 0.0000
14160 316.00 0.0000 46.874 188.10 0.0000 188.10 12.000 0.0000 0.0000
14280 316.00 0.0000 46.871 187.49 0.0000 187.49 13.000 0.0000 0.0000
14400 316.00 0.0000 46.876 186.87 0.0000 186.87 14.000 0.0000 0.0000
14520 316.00 0.0000 46.891 186.87 0.0000 186.87 14.000 0.0000 0.0000
14640 316.00 0.0000 46.898 187.49 0.0000 187.49 13.000 0.0000 0.0000
14760 316.00 0.0000 46.902 187.49 0.0000 187.49 13.000 0.0000 0.0000
14880 316.00 0.0000 46.899 188.10 0.0000 188.10 12.000 0.0000 0.0000
15000 316.00 0.0000 46.900 187.49 0.0000 187.49 13.000 0.0000 0.0000
15120 316.00 0.0000 46.912 186.87 0.0000 186.87 14.000 0.0000 0.0000
15240 316.00 0.0000 46.927 186.87 0.0000 186.87 14.000 0.0000 0.0000
15360 316.00 0.0000 46.942 186.87 0.0000 186.87 14.000 0.0000 0.0000
15480 316.00 0.0000 46.963 186.25 0.0000 186.25 15.000 0.0000 0.0000
15600 316.00 0.0000 46.985 186.87 0.0000 186.87 14.000 0.0000 0.0000
15720 316.00 0.0000 46.993 187.49 0.0000 187.49 13.000 0.0000 0.0000
15840 316.00 0.0000 46.997 187.49 0.0000 187.49 13.000 0.0000 0.0000
15960 316.00 0.0000 46.990 188.72 0.0000 188.72 11.000 0.0000 0.0000
16080 316.00 0.0000 46.972 188.72 0.0000 188.72 11.000 0.0000 0.0000
16200 316.00 0.0000 46.949 189.34 0.0000 189.34 10.000 0.0000 0.0000
16320 316.00 0.0000 46.920 189.34 0.0000 189.34 10.000 0.0000 0.0000
16440 316.00 0.0000 46.893 188.72 0.0000 188.72 11.000 0.0000 0.0000
16560 316.00 0.0000 46.878 188.10 0.0000 188.10 13.000 0.0000 0.0000
16680 316.00 0.0000 46.878 188.10 0.0000 188.10 12.000 0.0000 0.0000
16800 316.00 0.0000 46.871 188.10 0.0000 188.10 12.000 0.0000 0.0000
16920 316.00 0.0000 46.864 188.10 0.0000 188.10 12.000 0.0000 0.0000
17040 316.00 0.0000 46.846 188.72 0.0000 188.72 11.000 0.0000 0.0000
17160 316.00 0.0000 46.824 189.34 0.0000 189.34 10.000 0.0000 0.0000
17280 316.00 0.0000 46.795 189.34 0.0000 189.34 10.000 0.0000 0.0000
17400 316.00 0.0000 46.765 189.96 0.0000 189.96 9.0000 0.0000 0.0000
17520 316.00 0.0000 46.729 189.34 0.0000 189.34 10.000 0.0000 0.0000
17640 316.00 0.0000 46.707 188.72 0.0000 188.72 11.000 0.0000 0.0000
17760 316.00 0.0000 46.677 189.34 0.0000 189.34 10.000 0.0000 0.0000
17880 316.00 0.0000 46.657 188.72 0.0000 188.72 11.000 0.0000 0.0000
18000 316.00 0.0000 46.646 187.49 0.0000 187.49 13.000 0.0000 0.0000
18120 316.00 0.0000 46.642 188.10 0.0000 188.10 12.000 0.0000 0.0000
18240 316.00 0.0000 46.628 188.10 0.0000 188.10 12.000 0.0000 0.0000
18360 316.00 0.0000 46.631 187.49 0.0000 187.49 13.000 0.0000 0.0000
18480 316.00 0.0000 46.635 187.49 0.0000 187.49 13.000 0.0000 0.0000
18600 316.00 0.0000 46.639 187.49 0.0000 187.49 13.000 0.0000 0.0000
18720 316.00 0.0000 46.642 187.49 0.0000 187.49 13.000 0.0000 0.0000
18840 316.00 0.0000 46.646 187.49 0.0000 187.49 13.000 0.0000 0.0000
18960 316.00 0.0000 46.650 187.49 0.0000 187.49 13.000 0.0000 0.0000
19080 316.00 0.0000 46.660 186.87 0.0000 186.87 14.000 0.0000 0.0000
19200 316.00 0.0000 46.675 186.87 0.0000 186.87 14.000 0.0000 0.0000
19320 316.00 0.0000 46.690 186.87 0.0000 186.87 14.000 0.0000 0.0000
19440 316.00 0.0000 46.711 186.87 0.0000 186.87 14.000 0.0000 0.0000
19560 316.00 0.0000 46.727 186.25 0.0000 186.25 15.000 0.0000 0.0000
19680 316.00 0.0000 46.743 186.87 0.0000 186.87 14.000 0.0000 0.0000
19800 316.00 0.0000 46.758 186.87 0.0000 186.87 14.000 0.0000 0.0000
19920 316.00 0.0000 46.783 186.25 0.0000 186.25 15.000 0.0000 0.0000
20040 316.00 0.0000 46.795 186.87 0.0000 187.49 14.000 0.0000 0.0000
20160 316.00 0.0000 46.810 186.87 0.0000 186.87 14.000 0.0000 0.0000
20280 316.00 0.0000 46.827 186.25 0.0000 186.25 15.000 0.0000 0.0000
20400 316.00 0.0000 46.851 186.87 0.0000 186.87 14.000 0.0000 0.0000
20520 316.00 0.0000 46.863 187.49 0.0000 187.49 13.000 0.0000 0.0000
20640 316.00 0.0000 46.867 187.49 0.0000 187.49 13.000 0.0000 0.0000
20760 316.00 0.0000 46.866 188.10 0.0000 188.10 12.000 0.0000 0.0000
20880 316.00 0.0000 46.850 188.72 0.0000 188.72 11.000 0.0000 0.0000
21000 316.00 0.0000 46.836 188.10 0.0000 188.10 12.000 0.0000 0.0000
21120 316.00 0.0000 46.829 188.10 0.0000 188.10 12.000 0.0000 0.0000
21240 316.00 0.0000 46.836 187.49 0.0000 187.49 13.000 0.0000 0.0000
21360 316.00 0.0000 46.831 188.10 0.0000 188.10 12.000 0.0000 0.0000
21480 316.00 0.0000 46.821 188.72 0.0000 188.72 11.000 0.0000 0.0000
21600 316.00 0.0000 46.803 188.72 0.0000 188.72 11.000 0.0000 0.0000
21720 316.00 0.0000 46.785 188.72 0.0000 188.72 11.000 0.0000 0.0000
21840 316.00 0.0000 46.766 189.34 0.0000 189.34 10.000 0.0000 0.0000
21960 316.00 0.0000 46.730 189.96 0.0000 189.96 9.0000 0.0000 0.0000
22080 316.00 0.0000 46.690 189.96 0.0000 189.96 9.0000 0.0000 0.0000
22200 316.00 0.0000 46.642 190.58 0.0000 190.58 8.0000 0.0000 0.0000
22320 316.00 0.0000 46.593 190.58 0.0000 190.58 8.0000 0.0000 0.0000
22440 316.00 0.0000 46.542 190.58 0.0000 190.58 8.0000 0.0000 0.0000
22560 316.00 0.0000 46.491 190.58 0.0000 190.58 8.0000 0.0000 0.0000
22680 316.00 0.0000 46.452 189.34 0.0000 189.34 10.000 0.0000 0.0000
22800 316.00 0.0000 46.423 189.34 0.0000 189.34 10.000 0.0000 0.0000
22920 316.00 0.0000 46.382 189.96 0.0000 189.96 9.0000 0.0000 0.0000
23040 316.00 0.0000 46.351 189.34 0.0000 189.34 10.000 0.0000 0.0000
23160 316.00 0.0000 46.324 188.72 0.0000 188.72 11.000 0.0000 0.0000
23280 316.00 0.0000 46.306 188.72 0.0000 188.72 11.000 0.0000 0.0000
23400 316.00 0.0000 46.288 188.72 0.0000 188.72 11.000 0.0000 0.0000
23520 316.00 0.0000 46.269 188.72 0.0000 188.72 11.000 0.0000 0.0000
23640 316.00 0.0000 46.251 188.72 0.0000 188.72 11.000 0.0000 0.0000
23760 316.00 0.0000 46.233 188.72 0.0000 188.72 11.000 0.0000 0.0000
23880 316.00 0.0000 46.211 189.34 0.0000 189.34 10.000 0.0000 0.0000
24000 316.00 0.0000 46.186 188.72 0.0000 188.72 11.000 0.0000 0.0000
24120 316.00 0.0000 46.165 189.34 0.0000 189.34 10.000 0.0000 0.0000
24240 316.00 0.0000 46.130 189.34 0.0000 189.34 10.000 0.0000 0.0000
24360 316.00 0.0000 46.101 189.34 0.0000 189.34 10.000 0.0000 0.0000
24480 316.00 0.0000 46.063 189.96 0.0000 189.96 9.0000 0.0000 0.0000
24600 316.00 0.0000 46.023 189.96 0.0000 189.96 9.0000 0.0000 0.0000
24720 316.00 0.0000 45.987 189.34 0.0000 189.34 10.000 0.0000 0.0000
24840 316.00 0.0000 45.958 189.34 0.0000 189.34 10.000 0.0000 0.0000
24960 316.00 0.0000 45.929 189.34 0.0000 189.34 10.000 0.0000 0.0000
25080 316.00 0.0000 45.900 189.34 0.0000 189.34 10.000 0.0000 0.0000
25200 316.00 0.0000 45.868 189.96 0.0000 189.96 9.0000 0.0000 0.0000
25320 316.00 0.0000 45.818 190.58 0.0000 190.58 8.0000 0.0000 0.0000
25440 316.00 0.0000 45.763 191.20 0.0000 191.20 7.0000 0.0000 0.0000
25560 316.00 0.0000 45.701 191.20 0.0000 191.20 7.0000 0.0000 0.0000
25680 316.00 0.0000 45.639 191.20 0.0000 191.20 7.0000 0.0000 0.0000
25800 316.00 0.0000 45.577 191.20 0.0000 191.20 7.0000 0.0000 0.0000
25920 316.00 0.0000 45.515 191.20 0.0000 191.20 7.0000 0.0000 0.0000
26040 316.00 0.0000 45.453 191.20 0.0000 191.20 7.0000 0.0000 0.0000
26160 316.00 0.0000 45.389 191.82 0.0000 191.82 6.0000 0.0000 0.0000
26280 316.00 0.0000 45.304 192.44 0.0000 192.44 5.0000 0.0000 0.0000
26400 316.00 0.0000 45.220 192.44 0.0000 192.44 5.0000 0.0000 0.0000
26520 316.00 0.0000 45.144 191.82 0.0000 191.82 6.0000 0.0000 0.0000
26640 316.00 0.0000 45.073 191.20 0.0000 191.20 7.0000 0.0000 0.0000
26760 316.00 0.0000 45.011 191.20 0.0000 191.20 7.0000 0.0000 0.0000
26880 316.00 0.0000 44.943 191.82 0.0000 191.82 6.0000 0.0000 0.0000
27000 316.00 0.0000 44.865 191.82 0.0000 191.82 6.0000 0.0000 0.0000
27120 316.00 0.0000 44.799 191.20 0.0000 191.20 7.0000 0.0000 0.0000
27240 316.00 0.0000 44.737 191.20 0.0000 191.20 7.0000 0.0000 0.0000
27360 316.00 0.0000 44.673 191.20 0.0000 191.20 7.0000 0.0000 0.0000
27480 316.00 0.0000 44.611 191.20 0.0000 191.20 7.0000 0.0000 0.0000
27600 316.00 0.0000 44.558 190.58 0.0000 190.58 8.0000 0.0000 0.0000
27720 316.00 0.0000 44.507 190.58 0.0000 190.58 8.0000 0.0000 0.0000
27840 316.00 0.0000 44.456 190.58 0.0000 190.58 8.0000 0.0000 0.0000
27960 316.00 0.0000 44.415 189.96 0.0000 189.96 9.0000 0.0000 0.0000
28080 316.00 0.0000 44.375 189.96 0.0000 189.96 9.0000 0.0000 0.0000
28200 316.00 0.0000 44.334 190.58 0.0000 190.58 8.0000 0.0000 0.0000
28320 316.00 0.0000 44.283 190.58 0.0000 190.58 8.0000 0.0000 0.0000
28440 316.00 0.0000 44.232 190.58 0.0000 190.58 9.0000 0.0000 0.0000
28560 316.00 0.0000 44.192 189.96 0.0000 189.96 9.0000 0.0000 0.0000
28680 316.00 0.0000 44.152 189.96 0.0000 189.96 9.0000 0.0000 0.0000
28800 316.00 0.0000 44.112 189.96 0.0000 189.96 9.0000 0.0000 0.0000
28920 316.00 0.0000 44.062 190.58 0.0000 190.58 8.0000 0.0000 0.0000
29040 316.00 0.0000 44.011 190.58 0.0000 190.58 8.0000 0.0000 0.0000
29160 316.00 0.0000 43.972 189.34 0.0000 189.34 10.000 0.0000 0.0000
29280 316.00 0.0000 43.949 188.72 0.0000 188.72 11.000 0.0000 0.0000
29400 316.00 0.0000 43.933 188.72 0.0000 188.72 11.000 0.0000 0.0000
29520 316.00 0.0000 43.910 189.34 0.0000 189.34 10.000 0.0000 0.0000
29640 316.00 0.0000 43.881 189.34 0.0000 189.34 10.000 0.0000 0.0000
29760 316.00 0.0000 43.852 189.34 0.0000 189.34 10.000 0.0000 0.0000
29880 316.00 0.0000 43.820 189.96 0.0000 189.96 9.0000 0.0000 0.0000
30000 316.00 0.0000 43.780 189.96 0.0000 189.96 9.0000 0.0000 0.0000
30120 316.00 0.0000 43.740 189.96 0.0000 189.96 9.0000 0.0000 0.0000
30240 316.00 0.0000 43.700 189.96 0.0000 189.96 9.0000 0.0000 0.0000
30360 316.00 0.0000 43.654 190.58 0.0000 190.58 8.0000 0.0000 0.0000
30480 316.00 0.0000 43.603 190.58 0.0000 190.58 8.0000 0.0000 0.0000
30600 316.00 0.0000 43.552 190.58 0.0000 190.58 8.0000 0.0000 0.0000
30720 316.00 0.0000 43.501 190.58 0.0000 190.58 8.0000 0.0000 0.0000
30840 316.00 0.0000 43.460 189.96 0.0000 189.96 9.0000 0.0000 0.0000
30960 316.00 0.0000 43.410 190.58 0.0000 190.58 8.0000 0.0000 0.0000
31080 316.00 0.0000 43.345 191.82 0.0000 191.82 6.0000 0.0000 0.0000
31200 316.00 0.0000 43.272 191.82 0.0000 191.82 6.0000 0.0000 0.0000
31320 316.00 0.0000 43.199 191.82 0.0000 191.82 6.0000 0.0000 0.0000
31440 316.00 0.0000 43.130 191.20 0.0000 191.20 7.0000 0.0000 0.0000
31560 316.00 0.0000 43.060 191.82 0.0000 191.82 6.0000 0.0000 0.0000
31680 316.00 0.0000 42.987 191.82 0.0000 191.82 6.0000 0.0000 0.0000
31800 316.00 0.0000 42.915 191.20 0.0000 191.20 7.0000 0.0000 0.0000
31920 316.00 0.0000 42.853 191.20 0.0000 191.20 7.0000 0.0000 0.0000
32040 316.00 0.0000 42.791 191.20 0.0000 191.20 7.0000 0.0000 0.0000
32160 316.00 0.0000 42.719 191.82 0.0000 191.82 6.0000 0.0000 0.0000
32280 316.00 0.0000 42.646 191.82 0.0000 191.82 6.0000 0.0000 0.0000
32400 316.00 0.0000 42.573 191.82 0.0000 191.82 6.0000 0.0000 0.0000
32520 316.00 0.0000 42.500 191.82 0.0000 191.82 6.0000 0.0000 0.0000
32640 316.00 0.0000 42.427 191.82 0.0000 191.82 5.0000 0.0000 0.0000
32760 316.00 0.0000 42.351 191.82 0.0000 191.82 6.0000 0.0000 0.0000
32880 316.00 0.0000 42.278 191.82 0.0000 191.82 6.0000 0.0000 0.0000
33000 316.00 0.0000 42.205 191.82 0.0000 191.82 6.0000 0.0000 0.0000
33120 316.00 0.0000 42.132 191.82 0.0000 191.82 6.0000 0.0000 0.0000
33240 316.00 0.0000 42.059 191.82 0.0000 191.82 6.0000 0.0000 0.0000
33360 316.00 0.0000 41.994 191.20 0.0000 191.20 7.0000 0.0000 0.0000
33480 316.00 0.0000 41.932 191.20 0.0000 191.20 7.0000 0.0000 0.0000
33600 316.00 0.0000 41.870 191.20 0.0000 191.20 7.0000 0.0000 0.0000
33720 316.00 0.0000 41.809 190.58 0.0000 190.58 8.0000 0.0000 0.0000
33840 316.00 0.0000 41.752 191.20 0.0000 191.20 7.0000 0.0000 0.0000
33960 316.00 0.0000 41.687 191.20 0.0000 191.20 7.0000 0.0000 0.0000
34080 316.00 0.0000 41.616 191.82 0.0000 191.82 6.0000 0.0000 0.0000
34200 316.00 0.0000 41.543 191.82 0.0000 191.82 6.0000 0.0000 0.0000
34320 316.00 0.0000 41.470 191.82 0.0000 191.82 6.0000 0.0000 0.0000
34440 316.00 0.0000 41.397 191.82 0.0000 191.82 6.0000 0.0000 0.0000
34560 316.00 0.0000 41.327 191.20 0.0000 191.20 7.0000 0.0000 0.0000
34680 316.00 0.0000 41.265 191.20 0.0000 191.20 7.0000 0.0000 0.0000
34800 316.00 0.0000 41.203 191.20 0.0000 191.20 7.0000 0.0000 0.0000
34920 316.00 0.0000 41.140 191.82 0.0000 191.82 6.0000 0.0000 0.0000
35040 316.00 0.0000 41.076 191.20 0.0000 191.20 7.0000 0.0000 0.0000
35160 316.00 0.0000 41.014 190.58 0.0000 190.58 8.0000 0.0000 0.0000
35280 316.00 0.0000 40.963 190.58 0.0000 190.58 8.0000 0.0000 0.0000
35400 316.00 0.0000 40.925 189.34 0.0000 189.34 10.000 0.0000 0.0000
35520 316.00 0.0000 40.900 188.72 0.0000 188.72 11.000 0.0000 0.0000
35640 316.00 0.0000 40.882 188.72 0.0000 188.72 11.000 0.0000 0.0000
35760 316.00 0.0000 40.865 188.10 0.0000 188.10 12.000 0.0000 0.0000
35880 316.00 0.0000 40.861 187.49 0.0000 187.49 13.000 0.0000 0.0000
36000 316.00 0.0000 40.870 186.87 0.0000 186.87 14.000 0.0000 0.0000
36120 316.00 0.0000 40.885 186.87 0.0000 186.87 14.000 0.0000 0.0000
36240 316.00 0.0000 40.902 186.25 0.0000 186.25 15.000 0.0000 0.0000
36360 316.00 0.0000 40.941 185.01 0.0000 185.01 17.000 0.0000 0.0000
36480 316.00 0.0000 41.002 183.77 0.0000 183.77 19.000 0.0000 0.0000
36600 316.00 0.0000 41.080 183.15 0.0000 183.15 20.000 0.0000 0.0000
36720 316.00 0.0000 41.165 183.15 0.0000 183.15 20.000 0.0000 0.0000
36840 316.00 0.0000 41.246 183.15 0.0000 183.15 20.000 0.0000 0.0000
36960 316.00 0.0000 41.330 181.92 0.0000 181.92 22.000 0.0000 0.0000
37080 316.00 0.0000 41.433 181.92 0.0000 181.92 22.000 0.0000 0.0000
37200 316.00 0.0000 41.527 183.15 0.0000 183.15 20.000 0.0000 0.0000
37320 316.00 0.0000 41.613 182.54 0.0000 182.54 21.000 0.0000 0.0000
37440 316.00 0.0000 41.705 182.54 0.0000 182.54 21.000 0.0000 0.0000
37560 316.00 0.0000 41.797 182.54 0.0000 182.54 21.000 0.0000 0.0000
37680 316.00 0.0000 41.885 183.15 0.0000 183.15 20.000 0.0000 0.0000
37800 316.00 0.0000 41.966 183.15 0.0000 183.15 20.000 0.0000 0.0000
37920 316.00 0.0000 42.047 183.15 0.0000 183.15 20.000 0.0000 0.0000
38040 316.00 0.0000 42.121 183.77 0.0000 183.77 19.000 0.0000 0.0000
38160 316.00 0.0000 42.190 184.39 0.0000 184.39 18.000 0.0000 0.0000
38280 316.00 0.0000 42.249 184.39 0.0000 184.39 18.000 0.0000 0.0000
38400 316.00 0.0000 42.303 183.77 0.0000 183.77 19.000 0.0000 0.0000
38520 316.00 0.0000 42.369 184.39 0.0000 184.39 18.000 0.0000 0.0000
38640 316.00 0.0000 42.428 184.39 0.0000 184.39 18.000 0.0000 0.0000
38760 316.00 0.0000 42.484 185.01 0.0000 185.01 17.000 0.0000 0.0000
38880 316.00 0.0000 42.530 185.63 0.0000 185.63 16.000 0.0000 0.0000
39000 316.00 0.0000 42.567 185.63 0.0000 185.63 16.000 0.0000 0.0000
39120 316.00 0.0000 42.606 185.63 0.0000 185.63 16.000 0.0000 0.0000
39240 316.00 0.0000 42.645 185.01 0.0000 185.01 17.000 0.0000 0.0000
39360 316.00 0.0000 42.687 186.25 0.0000 186.25 15.000 0.0000 0.0000
39480 316.00 0.0000 42.721 185.63 0.0000 185.63 16.000 0.0000 0.0000
39600 316.00 0.0000 42.749 186.25 0.0000 186.25 15.000 0.0000 0.0000
39720 316.00 0.0000 42.779 185.63 0.0000 185.63 16.000 0.0000 0.0000
39840 316.00 0.0000 42.809 186.25 0.0000 186.25 15.000 0.0000 0.0000
39960 316.00 0.0000 42.822 188.10 0.0000 188.10 12.000 0.0000 0.0000
40080 316.00 0.0000 42.809 188.10 0.0000 188.10 12.000 0.0000 0.0000
40200 316.00 0.0000 42.802 188.10 0.0000 188.10 12.000 0.0000 0.0000
40320 316.00 0.0000 42.790 188.72 0.0000 188.72 11.000 0.0000 0.0000
40440 316.00 0.0000 42.772 188.10 0.0000 188.10 12.000 0.0000 0.0000
40560 316.00 0.0000 42.765 188.10 0.0000 188.10 12.000 0.0000 0.0000
40680 316.00 0.0000 42.758 188.10 0.0000 188.10 12.000 0.0000 0.0000
40800 316.00 0.0000 42.751 188.10 0.0000 188.10 12.000 0.0000 0.0000
40920 316.00 0.0000 42.749 187.49 0.0000 187.49 13.000 0.0000 0.0000
41040 316.00 0.0000 42.753 187.49 0.0000 187.49 13.000 0.0000 0.0000
41160 316.00 0.0000 42.756 187.49 0.0000 187.49 13.000 0.0000 0.0000
41280 316.00 0.0000 42.760 187.49 0.0000 187.49 13.000 0.0000 0.0000
41400 316.00 0.0000 42.766 186.87 0.0000 186.87 14.000 0.0000 0.0000
41520 316.00 0.0000 42.781 186.87 0.0000 186.87 14.000 0.0000 0.0000
41640 316.00 0.0000 42.796 186.87 0.0000 186.87 14.000 0.0000 0.0000
41760 316.00 0.0000 42.811 186.87 0.0000 186.87 14.000 0.0000 0.0000
41880 316.00 0.0000 42.826 186.87 0.0000 186.87 14.000 0.0000 0.0000
42000 316.00 0.0000 42.824 188.72 0.0000 188.72 11.000 0.0000 0.0000
42120 316.00 0.0000 42.806 188.72 0.0000 188.72 11.000 0.0000 0.0000
42240 316.00 0.0000 42.789 188.10 0.0000 188.10 12.000 0.0000 0.0000
42360 316.00 0.0000 42.782 188.10 0.0000 188.10 12.000 0.0000 0.0000
42480 316.00 0.0000 42.776 187.49 0.0000 187.49 13.000 0.0000 0.0000
42600 316.00 0.0000 42.789 186.87 0.0000 186.87 14.000 0.0000 0.0000
42720 316.00 0.0000 42.783 188.10 0.0000 188.10 12.000 0.0000 0.0000
42840 316.00 0.0000 42.756 189.96 0.0000 189.96 9.0000 0.0000 0.0000
42960 316.00 0.0000 42.716 189.96 0.0000 189.96 9.0000 0.0000 0.0000
43080 316.00 0.0000 42.677 189.34 0.0000 189.34 10.000 0.0000 0.0000
43200 316.00 0.0000 42.645 189.96 0.0000 189.96 9.0000 0.0000 0.0000
#####################################################################
# End of data export. Simulation finished at: 2023-05-09T22:21+0000 #
#####################################################################
